00000000
00000000
00000000
00000000
00000000
00000001
00000010
00000011
00000100
00000101
00000110
00000111
00001000
00001001
00001001
00001000
00000111
00000110
00000101
00000100
00000011
00000010
00000001
00000000
11111111
11111110
11111101
11111100
11111011
11111010
11111001
11111000
11110111
11110110
11110101
11110100
11110011
11110010
11110001
11110000
11101111
11101110
11101101
11101100
11101100
11101101
11101110
11101111
11110000
11110001
11110010
11110011
11110100
11110101
11110110
11110111
11111000
11111001
11111010
11111011
11111100
11111101
11111110
11111111
